roslaunch mct_loam mct_loam.launch
... logging to /home/ywl/.ros/log/719d1196-609a-11ed-b8de-39806f606091/roslaunch-ywl-Y9000X-3332.log
Checking log directory for disk usage. This may take a while.
Press Ctrl-C to interrupt
WARNING: disk usage in log directory [/home/ywl/.ros/log] is over 1GB.
It's recommended that you use the 'rosclean' command.

started roslaunch server http://ywl-Y9000X:35127/

SUMMARY
========

PARAMETERS
 * /base_link/trajectory_server_loam/source_frame_name: base_link
 * /base_link/trajectory_server_loam/target_frame_name: world
 * /base_link/trajectory_server_loam/trajectory_publish_rate: 10.0
 * /base_link/trajectory_server_loam/trajectory_update_rate: 10.0
 * /gt/trajectory_server_loam/source_frame_name: velodyne
 * /gt/trajectory_server_loam/target_frame_name: world
 * /gt/trajectory_server_loam/trajectory_publish_rate: 10.0
 * /gt/trajectory_server_loam/trajectory_update_rate: 10.0
 * /max_dis: 90.0
 * /min_dis: 3.0
 * /rosdistro: noetic
 * /rosversion: 1.15.14
 * /scan_line: 16
 * /scan_period: 0.1
 * /use_sim_time: True
 * /vertical_angle: 2.0

NODES
  /
    mct_loam_laser_processing_node (mct_loam/mct_loam_laser_processing_node)
    mct_loam_odom_estimation_node (mct_loam/mct_loam_odom_estimation_node)
    rviz (rviz/rviz)
    velodyne2baselink_tf (tf/static_transform_publisher)
    word2map_tf (tf/static_transform_publisher)
  /base_link/
    trajectory_server_loam (hector_trajectory_server/hector_trajectory_server)
  /gt/
    trajectory_server_loam (hector_trajectory_server/hector_trajectory_server)

auto-starting new master
process[master]: started with pid [3361]
ROS_MASTER_URI=http://localhost:11311

setting /run_id to 719d1196-609a-11ed-b8de-39806f606091
process[rosout-1]: started with pid [3390]
started core service [/rosout]
process[mct_loam_odom_estimation_node-2]: started with pid [3397]
process[mct_loam_laser_processing_node-3]: started with pid [3398]
process[word2map_tf-4]: started with pid [3399]
process[velodyne2baselink_tf-5]: started with pid [3400]
process[rviz-6]: started with pid [3401]
process[gt/trajectory_server_loam-7]: started with pid [3411]
process[base_link/trajectory_server_loam-8]: started with pid [3413]
[ WARN] [1668045227.140834259, 1661339795.940960200]: No transform between frames world and velodyne available after 1661339795.940960 seconds of waiting. This warning only prints once.
[ WARN] [1668045227.146803658, 1661339795.940960200]: No transform between frames world and base_link available after 1661339795.940960 seconds of waiting. This warning only prints once.
[ INFO] [1668045227.527192116, 1661339795.979268735]: odom inited
Frame 1
Ceres Solver Report: Iterations: 18, Initial cost: 1.457389e+00, Final cost: 1.456076e+00, Termination: CONVERGENCE
Ceres Solver Report: Iterations: 13, Initial cost: 1.432351e+00, Final cost: 1.432331e+00, Termination: CONVERGENCE
Ceres Solver Report: Iterations: 9, Initial cost: 1.435409e+00, Final cost: 1.435409e+00, Termination: CONVERGENCE
Ceres Solver Report: Iterations: 9, Initial cost: 1.435409e+00, Final cost: 1.435409e+00, Termination: CONVERGENCE
Ceres Solver Report: Iterations: 9, Initial cost: 1.435409e+00, Final cost: 1.435409e+00, Termination: CONVERGENCE
Ceres Solver Report: Iterations: 9, Initial cost: 1.435409e+00, Final cost: 1.435409e+00, Termination: CONVERGENCE
Ceres Solver Report: Iterations: 9, Initial cost: 1.435409e+00, Final cost: 1.435409e+00, Termination: CONVERGENCE
Ceres Solver Report: Iterations: 9, Initial cost: 1.435409e+00, Final cost: 1.435409e+00, Termination: CONVERGENCE
Ceres Solver Report: Iterations: 9, Initial cost: 1.435409e+00, Final cost: 1.435409e+00, Termination: CONVERGENCE
Ceres Solver Report: Iterations: 9, Initial cost: 1.435409e+00, Final cost: 1.435409e+00, Termination: CONVERGENCE
Ceres Solver Report: Iterations: 9, Initial cost: 1.435409e+00, Final cost: 1.435409e+00, Termination: CONVERGENCE
Ceres Solver Report: Iterations: 9, Initial cost: 1.435409e+00, Final cost: 1.435409e+00, Termination: CONVERGENCE
Ceres Solver Report: Iterations: 9, Initial cost: 1.435409e+00, Final cost: 1.435409e+00, Termination: CONVERGENCE
Ceres Solver Report: Iterations: 9, Initial cost: 1.435409e+00, Final cost: 1.435409e+00, Termination: CONVERGENCE
Ceres Solver Report: Iterations: 9, Initial cost: 1.435409e+00, Final cost: 1.435409e+00, Termination: CONVERGENCE
Ceres Solver Report: Iterations: 9, Initial cost: 1.435409e+00, Final cost: 1.435409e+00, Termination: CONVERGENCE
Ceres Solver Report: Iterations: 9, Initial cost: 1.435409e+00, Final cost: 1.435409e+00, Termination: CONVERGENCE
Ceres Solver Report: Iterations: 9, Initial cost: 1.435409e+00, Final cost: 1.435409e+00, Termination: CONVERGENCE
Ceres Solver Report: Iterations: 9, Initial cost: 1.435409e+00, Final cost: 1.435409e+00, Termination: CONVERGENCE
Ceres Solver Report: Iterations: 9, Initial cost: 1.435409e+00, Final cost: 1.435409e+00, Termination: CONVERGENCE
Ceres Solver Report: Iterations: 9, Initial cost: 1.435409e+00, Final cost: 1.435409e+00, Termination: CONVERGENCE
Ceres Solver Report: Iterations: 9, Initial cost: 1.435409e+00, Final cost: 1.435409e+00, Termination: CONVERGENCE
Ceres Solver Report: Iterations: 9, Initial cost: 1.435409e+00, Final cost: 1.435409e+00, Termination: CONVERGENCE
Ceres Solver Report: Iterations: 9, Initial cost: 1.435409e+00, Final cost: 1.435409e+00, Termination: CONVERGENCE
Ceres Solver Report: Iterations: 9, Initial cost: 1.435409e+00, Final cost: 1.435409e+00, Termination: CONVERGENCE
Ceres Solver Report: Iterations: 9, Initial cost: 1.435409e+00, Final cost: 1.435409e+00, Termination: CONVERGENCE
Ceres Solver Report: Iterations: 9, Initial cost: 1.435409e+00, Final cost: 1.435409e+00, Termination: CONVERGENCE
Ceres Solver Report: Iterations: 9, Initial cost: 1.435409e+00, Final cost: 1.435409e+00, Termination: CONVERGENCE
Ceres Solver Report: Iterations: 9, Initial cost: 1.435409e+00, Final cost: 1.435409e+00, Termination: CONVERGENCE
Current sweep odom_middle = 
           1   0.00015131 -0.000436239   0.00244261
-0.000151196            1  0.000262042  0.000284377
 0.000436278 -0.000261976            1  -0.00320938
           0            0            0            1
Current sweep odom_end = 
1 0 0 0
0 1 0 0
0 0 1 0
0 0 0 1
Current sweep velocity = 
           1 -0.000151196  0.000436278  -0.00244116
  0.00015131            1 -0.000261976 -0.000285588
-0.000436239  0.000262042            1   0.00321037
           0            0            0            1
+++++++++++++++++++++++++++++++++++++++++++++++++++++
Next sweep odom_middle = 
           1 -0.000151196  0.000436278  -0.00244116
  0.00015131            1 -0.000261976 -0.000285588
-0.000436239  0.000262042            1   0.00321037
           0            0            0            1
Next sweep odom_end = 
           1 -0.000302278  0.000872596  -0.00488088
 0.000302735            1 -0.000523885 -0.000572386
-0.000872438  0.000524149     0.999999   0.00642173
           0            0            0            1
=====================================================
[ INFO] [1668045228.582570236, 1661339796.085131378]: average odom estimation time 57.879601 ms 
 

Frame 2
not enough correct pointsCeres Solver Report: Iterations: 9, Initial cost: 1.789981e+00, Final cost: 1.789981e+00, Termination: CONVERGENCE
not enough correct pointsCeres Solver Report: Iterations: 9, Initial cost: 1.789981e+00, Final cost: 1.789981e+00, Termination: CONVERGENCE
not enough correct pointsCeres Solver Report: Iterations: 9, Initial cost: 1.789981e+00, Final cost: 1.789981e+00, Termination: CONVERGENCE
not enough correct pointsCeres Solver Report: Iterations: 9, Initial cost: 1.789981e+00, Final cost: 1.789981e+00, Termination: CONVERGENCE
not enough correct pointsCeres Solver Report: Iterations: 9, Initial cost: 1.789981e+00, Final cost: 1.789981e+00, Termination: CONVERGENCE
not enough correct pointsCeres Solver Report: Iterations: 9, Initial cost: 1.789981e+00, Final cost: 1.789981e+00, Termination: CONVERGENCE
not enough correct pointsCeres Solver Report: Iterations: 9, Initial cost: 1.789981e+00, Final cost: 1.789981e+00, Termination: CONVERGENCE
not enough correct pointsCeres Solver Report: Iterations: 9, Initial cost: 1.789981e+00, Final cost: 1.789981e+00, Termination: CONVERGENCE
not enough correct pointsCeres Solver Report: Iterations: 9, Initial cost: 1.789981e+00, Final cost: 1.789981e+00, Termination: CONVERGENCE
not enough correct pointsCeres Solver Report: Iterations: 9, Initial cost: 1.789981e+00, Final cost: 1.789981e+00, Termination: CONVERGENCE
not enough correct pointsCeres Solver Report: Iterations: 9, Initial cost: 1.789981e+00, Final cost: 1.789981e+00, Termination: CONVERGENCE
not enough correct pointsCeres Solver Report: Iterations: 9, Initial cost: 1.789981e+00, Final cost: 1.789981e+00, Termination: CONVERGENCE
not enough correct pointsCeres Solver Report: Iterations: 9, Initial cost: 1.789981e+00, Final cost: 1.789981e+00, Termination: CONVERGENCE
not enough correct pointsCeres Solver Report: Iterations: 9, Initial cost: 1.789981e+00, Final cost: 1.789981e+00, Termination: CONVERGENCE
not enough correct pointsCeres Solver Report: Iterations: 9, Initial cost: 1.789981e+00, Final cost: 1.789981e+00, Termination: CONVERGENCE
not enough correct pointsCeres Solver Report: Iterations: 9, Initial cost: 1.789981e+00, Final cost: 1.789981e+00, Termination: CONVERGENCE
not enough correct pointsCeres Solver Report: Iterations: 9, Initial cost: 1.789981e+00, Final cost: 1.789981e+00, Termination: CONVERGENCE
not enough correct pointsCeres Solver Report: Iterations: 9, Initial cost: 1.789981e+00, Final cost: 1.789981e+00, Termination: CONVERGENCE
not enough correct pointsCeres Solver Report: Iterations: 9, Initial cost: 1.789981e+00, Final cost: 1.789981e+00, Termination: CONVERGENCE
not enough correct pointsCeres Solver Report: Iterations: 9, Initial cost: 1.789981e+00, Final cost: 1.789981e+00, Termination: CONVERGENCE
not enough correct pointsCeres Solver Report: Iterations: 9, Initial cost: 1.789981e+00, Final cost: 1.789981e+00, Termination: CONVERGENCE
not enough correct pointsCeres Solver Report: Iterations: 9, Initial cost: 1.789981e+00, Final cost: 1.789981e+00, Termination: CONVERGENCE
not enough correct pointsCeres Solver Report: Iterations: 9, Initial cost: 1.789981e+00, Final cost: 1.789981e+00, Termination: CONVERGENCE
not enough correct pointsCeres Solver Report: Iterations: 9, Initial cost: 1.789981e+00, Final cost: 1.789981e+00, Termination: CONVERGENCE
not enough correct pointsCeres Solver Report: Iterations: 9, Initial cost: 1.789981e+00, Final cost: 1.789981e+00, Termination: CONVERGENCE
not enough correct pointsCeres Solver Report: Iterations: 9, Initial cost: 1.789981e+00, Final cost: 1.789981e+00, Termination: CONVERGENCE
not enough correct pointsCeres Solver Report: Iterations: 9, Initial cost: 1.789981e+00, Final cost: 1.789981e+00, Termination: CONVERGENCE
not enough correct pointsCeres Solver Report: Iterations: 9, Initial cost: 1.789981e+00, Final cost: 1.789981e+00, Termination: CONVERGENCE
Current sweep odom_middle = 
           1 -0.000151196  0.000436278  -0.00244116
  0.00015131            1 -0.000261976 -0.000285588
-0.000436239  0.000262042            1   0.00321037
           0            0            0            1
Current sweep odom_end = 
           1 -0.000302278  0.000872596  -0.00488088
 0.000302735            1 -0.000523885 -0.000572386
-0.000872438  0.000524149     0.999999   0.00642173
           0            0            0            1
Current sweep velocity = 
           1 -0.000151196  0.000436278  -0.00244116
  0.00015131            1 -0.000261976 -0.000285588
-0.000436239  0.000262042            1   0.00321037
           0            0            0            1
+++++++++++++++++++++++++++++++++++++++++++++++++++++
Next sweep odom_middle = 
    0.999999 -0.000453245   0.00130895  -0.00731916
 0.000454274            1 -0.000785728 -0.000860395
  -0.0013086  0.000786322     0.999999   0.00963408
           0            0            0            1
Next sweep odom_end = 
    0.999998 -0.000604098   0.00174535  -0.00975599
 0.000605927     0.999999  -0.00104751  -0.00114961
 -0.00174472   0.00104856     0.999998    0.0128474
           0            0            0            1
=====================================================
[ INFO] [1668045229.568900650, 1661339796.183277569]: average odom estimation time 51.404802 ms 
 

Frame 3
Ceres Solver Report: Iterations: 13, Initial cost: 1.600257e+00, Final cost: 1.598266e+00, Termination: CONVERGENCE
Ceres Solver Report: Iterations: 9, Initial cost: 1.625991e+00, Final cost: 1.625991e+00, Termination: CONVERGENCE
Ceres Solver Report: Iterations: 9, Initial cost: 1.625991e+00, Final cost: 1.625991e+00, Termination: CONVERGENCE
Ceres Solver Report: Iterations: 9, Initial cost: 1.625991e+00, Final cost: 1.625991e+00, Termination: CONVERGENCE
Ceres Solver Report: Iterations: 9, Initial cost: 1.625991e+00, Final cost: 1.625991e+00, Termination: CONVERGENCE
Ceres Solver Report: Iterations: 9, Initial cost: 1.625991e+00, Final cost: 1.625991e+00, Termination: CONVERGENCE
Ceres Solver Report: Iterations: 9, Initial cost: 1.625991e+00, Final cost: 1.625991e+00, Termination: CONVERGENCE
Ceres Solver Report: Iterations: 9, Initial cost: 1.625991e+00, Final cost: 1.625991e+00, Termination: CONVERGENCE
Ceres Solver Report: Iterations: 9, Initial cost: 1.625991e+00, Final cost: 1.625991e+00, Termination: CONVERGENCE
Ceres Solver Report: Iterations: 9, Initial cost: 1.625991e+00, Final cost: 1.625991e+00, Termination: CONVERGENCE
Ceres Solver Report: Iterations: 9, Initial cost: 1.625991e+00, Final cost: 1.625991e+00, Termination: CONVERGENCE
Ceres Solver Report: Iterations: 9, Initial cost: 1.625991e+00, Final cost: 1.625991e+00, Termination: CONVERGENCE
Ceres Solver Report: Iterations: 9, Initial cost: 1.625991e+00, Final cost: 1.625991e+00, Termination: CONVERGENCE
Ceres Solver Report: Iterations: 9, Initial cost: 1.625991e+00, Final cost: 1.625991e+00, Termination: CONVERGENCE
Ceres Solver Report: Iterations: 9, Initial cost: 1.625991e+00, Final cost: 1.625991e+00, Termination: CONVERGENCE
Ceres Solver Report: Iterations: 9, Initial cost: 1.625991e+00, Final cost: 1.625991e+00, Termination: CONVERGENCE
Ceres Solver Report: Iterations: 9, Initial cost: 1.625991e+00, Final cost: 1.625991e+00, Termination: CONVERGENCE
Ceres Solver Report: Iterations: 9, Initial cost: 1.625991e+00, Final cost: 1.625991e+00, Termination: CONVERGENCE
Ceres Solver Report: Iterations: 9, Initial cost: 1.625991e+00, Final cost: 1.625991e+00, Termination: CONVERGENCE
Ceres Solver Report: Iterations: 9, Initial cost: 1.625991e+00, Final cost: 1.625991e+00, Termination: CONVERGENCE
Ceres Solver Report: Iterations: 9, Initial cost: 1.625991e+00, Final cost: 1.625991e+00, Termination: CONVERGENCE
Ceres Solver Report: Iterations: 9, Initial cost: 1.625991e+00, Final cost: 1.625991e+00, Termination: CONVERGENCE
Ceres Solver Report: Iterations: 9, Initial cost: 1.625991e+00, Final cost: 1.625991e+00, Termination: CONVERGENCE
Ceres Solver Report: Iterations: 9, Initial cost: 1.625991e+00, Final cost: 1.625991e+00, Termination: CONVERGENCE
Ceres Solver Report: Iterations: 9, Initial cost: 1.625991e+00, Final cost: 1.625991e+00, Termination: CONVERGENCE
Ceres Solver Report: Iterations: 9, Initial cost: 1.625991e+00, Final cost: 1.625991e+00, Termination: CONVERGENCE
Ceres Solver Report: Iterations: 9, Initial cost: 1.625991e+00, Final cost: 1.625991e+00, Termination: CONVERGENCE
Current sweep odom_middle = 
    0.999999 -0.000449602   0.00131258      0.00935
 0.000450624            1   -0.0007788 -0.000809111
 -0.00131223  0.000779391     0.999999   0.00964551
           0            0            0            1
Current sweep odom_end = 
    0.999998 -0.000604098   0.00174535  -0.00975599
 0.000605927     0.999999  -0.00104751  -0.00114961
 -0.00174472   0.00104856     0.999998    0.0128474
           0            0            0            1
Current sweep velocity = 
           1  -0.00015485  0.000432645   -0.0191103
 0.000154966            1 -0.000268901 -0.000329417
-0.000432603  0.000268968            1   0.00317708
           0            0            0            1
+++++++++++++++++++++++++++++++++++++++++++++++++++++
Next sweep odom_middle = 
    0.999997 -0.000758479   0.00217816   -0.0288605
 0.000761347     0.999999  -0.00131614  -0.00149394
 -0.00217716    0.0013178     0.999997    0.0160575
           0            0            0            1
Next sweep odom_end = 
    0.999996 -0.000912742     0.002611   -0.0479636
 0.000916882     0.999998  -0.00158471  -0.00184209
 -0.00260955    0.0015871     0.999995    0.0192757
           0            0            0            1
=====================================================
[ INFO] [1668045230.576731345, 1661339796.284151704]: average odom estimation time 48.250089 ms 
 

Frame 4
not enough correct pointsCeres Solver Report: Iterations: 14, Initial cost: 1.405354e+00, Final cost: 1.404103e+00, Termination: CONVERGENCE
not enough correct pointsCeres Solver Report: Iterations: 8, Initial cost: 1.407028e+00, Final cost: 1.407028e+00, Termination: CONVERGENCE
not enough correct pointsCeres Solver Report: Iterations: 8, Initial cost: 1.407028e+00, Final cost: 1.407028e+00, Termination: CONVERGENCE
not enough correct pointsCeres Solver Report: Iterations: 8, Initial cost: 1.407028e+00, Final cost: 1.407028e+00, Termination: CONVERGENCE
not enough correct pointsCeres Solver Report: Iterations: 8, Initial cost: 1.407028e+00, Final cost: 1.407028e+00, Termination: CONVERGENCE
not enough correct pointsCeres Solver Report: Iterations: 8, Initial cost: 1.407028e+00, Final cost: 1.407028e+00, Termination: CONVERGENCE
not enough correct pointsCeres Solver Report: Iterations: 8, Initial cost: 1.407028e+00, Final cost: 1.407028e+00, Termination: CONVERGENCE
not enough correct pointsCeres Solver Report: Iterations: 8, Initial cost: 1.407028e+00, Final cost: 1.407028e+00, Termination: CONVERGENCE
not enough correct pointsCeres Solver Report: Iterations: 8, Initial cost: 1.407028e+00, Final cost: 1.407028e+00, Termination: CONVERGENCE
not enough correct pointsCeres Solver Report: Iterations: 8, Initial cost: 1.407028e+00, Final cost: 1.407028e+00, Termination: CONVERGENCE
not enough correct pointsCeres Solver Report: Iterations: 8, Initial cost: 1.407028e+00, Final cost: 1.407028e+00, Termination: CONVERGENCE
not enough correct pointsCeres Solver Report: Iterations: 8, Initial cost: 1.407028e+00, Final cost: 1.407028e+00, Termination: CONVERGENCE
not enough correct pointsCeres Solver Report: Iterations: 8, Initial cost: 1.407028e+00, Final cost: 1.407028e+00, Termination: CONVERGENCE
not enough correct pointsCeres Solver Report: Iterations: 8, Initial cost: 1.407028e+00, Final cost: 1.407028e+00, Termination: CONVERGENCE
not enough correct pointsCeres Solver Report: Iterations: 8, Initial cost: 1.407028e+00, Final cost: 1.407028e+00, Termination: CONVERGENCE
not enough correct pointsCeres Solver Report: Iterations: 8, Initial cost: 1.407028e+00, Final cost: 1.407028e+00, Termination: CONVERGENCE
not enough correct pointsCeres Solver Report: Iterations: 8, Initial cost: 1.407028e+00, Final cost: 1.407028e+00, Termination: CONVERGENCE
not enough correct pointsCeres Solver Report: Iterations: 8, Initial cost: 1.407028e+00, Final cost: 1.407028e+00, Termination: CONVERGENCE
not enough correct pointsCeres Solver Report: Iterations: 8, Initial cost: 1.407028e+00, Final cost: 1.407028e+00, Termination: CONVERGENCE
not enough correct pointsCeres Solver Report: Iterations: 8, Initial cost: 1.407028e+00, Final cost: 1.407028e+00, Termination: CONVERGENCE
not enough correct pointsCeres Solver Report: Iterations: 8, Initial cost: 1.407028e+00, Final cost: 1.407028e+00, Termination: CONVERGENCE
not enough correct pointsCeres Solver Report: Iterations: 8, Initial cost: 1.407028e+00, Final cost: 1.407028e+00, Termination: CONVERGENCE
not enough correct pointsCeres Solver Report: Iterations: 8, Initial cost: 1.407028e+00, Final cost: 1.407028e+00, Termination: CONVERGENCE
not enough correct pointsCeres Solver Report: Iterations: 8, Initial cost: 1.407028e+00, Final cost: 1.407028e+00, Termination: CONVERGENCE
not enough correct pointsCeres Solver Report: Iterations: 8, Initial cost: 1.407028e+00, Final cost: 1.407028e+00, Termination: CONVERGENCE
not enough correct pointsCeres Solver Report: Iterations: 8, Initial cost: 1.407028e+00, Final cost: 1.407028e+00, Termination: CONVERGENCE
Current sweep odom_middle = 
    0.999997 -0.000761092   0.00218619   -0.0122173
 0.000763914     0.999999  -0.00129004  -0.00136924
  -0.0021852   0.00129171     0.999997    0.0164682
           0            0            0            1
Current sweep odom_end = 
    0.999996 -0.000912742     0.002611   -0.0479636
 0.000916882     0.999998  -0.00158471  -0.00184209
 -0.00260955    0.0015871     0.999995    0.0192757
           0            0            0            1
Current sweep velocity = 
           1 -0.000152295  0.000424591   -0.0357527
 0.000152421            1 -0.000294996 -0.000442011
-0.000424546  0.000295061            1   0.00273001
           0            0            0            1
+++++++++++++++++++++++++++++++++++++++++++++++++++++
Next sweep odom_middle = 
   0.999995 -0.00106427  0.00303586  -0.0837087
 0.00106998    0.999998 -0.00187932  -0.0023212
-0.00303385  0.00188256    0.999994   0.0220983
          0           0           0           1
Next sweep odom_end = 
   0.999993 -0.00121567  0.00346076   -0.119452
 0.00122319    0.999997 -0.00217386  -0.0028066
-0.00345811  0.00217808    0.999992    0.024936
          0           0           0           1
=====================================================
[ INFO] [1668045231.579386986, 1661339796.384517805]: average odom estimation time 47.176983 ms 
 

Frame 5
Ceres Solver Report: Iterations: 17, Initial cost: 1.425504e+00, Final cost: 1.393466e+00, Termination: CONVERGENCE
Ceres Solver Report: Iterations: 9, Initial cost: 1.418855e+00, Final cost: 1.418855e+00, Termination: CONVERGENCE
Ceres Solver Report: Iterations: 9, Initial cost: 1.418855e+00, Final cost: 1.418855e+00, Termination: CONVERGENCE
Ceres Solver Report: Iterations: 9, Initial cost: 1.418855e+00, Final cost: 1.418855e+00, Termination: CONVERGENCE
Ceres Solver Report: Iterations: 9, Initial cost: 1.418855e+00, Final cost: 1.418855e+00, Termination: CONVERGENCE
Ceres Solver Report: Iterations: 9, Initial cost: 1.418855e+00, Final cost: 1.418855e+00, Termination: CONVERGENCE
Ceres Solver Report: Iterations: 9, Initial cost: 1.418855e+00, Final cost: 1.418855e+00, Termination: CONVERGENCE
Ceres Solver Report: Iterations: 9, Initial cost: 1.418855e+00, Final cost: 1.418855e+00, Termination: CONVERGENCE
Ceres Solver Report: Iterations: 9, Initial cost: 1.418855e+00, Final cost: 1.418855e+00, Termination: CONVERGENCE
Ceres Solver Report: Iterations: 9, Initial cost: 1.418855e+00, Final cost: 1.418855e+00, Termination: CONVERGENCE
Ceres Solver Report: Iterations: 9, Initial cost: 1.418855e+00, Final cost: 1.418855e+00, Termination: CONVERGENCE
Ceres Solver Report: Iterations: 9, Initial cost: 1.418855e+00, Final cost: 1.418855e+00, Termination: CONVERGENCE
Ceres Solver Report: Iterations: 9, Initial cost: 1.418855e+00, Final cost: 1.418855e+00, Termination: CONVERGENCE
Ceres Solver Report: Iterations: 9, Initial cost: 1.418855e+00, Final cost: 1.418855e+00, Termination: CONVERGENCE
Ceres Solver Report: Iterations: 9, Initial cost: 1.418855e+00, Final cost: 1.418855e+00, Termination: CONVERGENCE
Ceres Solver Report: Iterations: 9, Initial cost: 1.418855e+00, Final cost: 1.418855e+00, Termination: CONVERGENCE
Ceres Solver Report: Iterations: 9, Initial cost: 1.418855e+00, Final cost: 1.418855e+00, Termination: CONVERGENCE
Ceres Solver Report: Iterations: 9, Initial cost: 1.418855e+00, Final cost: 1.418855e+00, Termination: CONVERGENCE
Ceres Solver Report: Iterations: 9, Initial cost: 1.418855e+00, Final cost: 1.418855e+00, Termination: CONVERGENCE
Ceres Solver Report: Iterations: 9, Initial cost: 1.418855e+00, Final cost: 1.418855e+00, Termination: CONVERGENCE
Ceres Solver Report: Iterations: 9, Initial cost: 1.418855e+00, Final cost: 1.418855e+00, Termination: CONVERGENCE
Ceres Solver Report: Iterations: 9, Initial cost: 1.418855e+00, Final cost: 1.418855e+00, Termination: CONVERGENCE
Ceres Solver Report: Iterations: 9, Initial cost: 1.418855e+00, Final cost: 1.418855e+00, Termination: CONVERGENCE
Ceres Solver Report: Iterations: 9, Initial cost: 1.418855e+00, Final cost: 1.418855e+00, Termination: CONVERGENCE
Ceres Solver Report: Iterations: 9, Initial cost: 1.418855e+00, Final cost: 1.418855e+00, Termination: CONVERGENCE
Current sweep odom_middle = 
    0.999995 -0.000940128   0.00309158   -0.0284187
 0.000945689     0.999998  -0.00179796 -0.000255416
 -0.00308989   0.00180087     0.999994     0.022449
           0            0            0            1
Current sweep odom_end = 
   0.999993 -0.00121567  0.00346076   -0.119452
 0.00122319    0.999997 -0.00217386  -0.0028066
-0.00345811  0.00217808    0.999992    0.024936
          0           0           0           1
Current sweep velocity = 
           1 -0.000276703  0.000368828   -0.0910434
 0.000276842            1 -0.000376252  -0.00246112
-0.000368724  0.000376354            1    0.0022101
           0            0            0            1
+++++++++++++++++++++++++++++++++++++++++++++++++++++
Next sweep odom_middle = 
   0.999992 -0.00149106  0.00383005   -0.210485
 0.00150084    0.999996 -0.00254966 -0.00538388
-0.00382623  0.00255539    0.999989   0.0274555
          0           0           0           1
Next sweep odom_end = 
    0.99999 -0.00176632  0.00419943   -0.301515
 0.00177862    0.999994 -0.00292536 -0.00798726
-0.00419424   0.0029328    0.999987   0.0300076
          0           0           0           1
=====================================================
[ INFO] [1668045232.592570775, 1661339796.485908052]: average odom estimation time 45.507092 ms 
 

Frame 6
Ceres Solver Report: Iterations: 18, Initial cost: 1.978203e+00, Final cost: 1.764230e+00, Termination: CONVERGENCE
Ceres Solver Report: Iterations: 9, Initial cost: 1.659673e+00, Final cost: 1.659673e+00, Termination: CONVERGENCE
Ceres Solver Report: Iterations: 9, Initial cost: 1.659673e+00, Final cost: 1.659673e+00, Termination: CONVERGENCE
Ceres Solver Report: Iterations: 9, Initial cost: 1.659673e+00, Final cost: 1.659673e+00, Termination: CONVERGENCE
Ceres Solver Report: Iterations: 9, Initial cost: 1.659673e+00, Final cost: 1.659673e+00, Termination: CONVERGENCE
Ceres Solver Report: Iterations: 9, Initial cost: 1.659673e+00, Final cost: 1.659673e+00, Termination: CONVERGENCE
Ceres Solver Report: Iterations: 9, Initial cost: 1.659673e+00, Final cost: 1.659673e+00, Termination: CONVERGENCE
Ceres Solver Report: Iterations: 9, Initial cost: 1.659673e+00, Final cost: 1.659673e+00, Termination: CONVERGENCE
Ceres Solver Report: Iterations: 9, Initial cost: 1.659673e+00, Final cost: 1.659673e+00, Termination: CONVERGENCE
Ceres Solver Report: Iterations: 9, Initial cost: 1.659673e+00, Final cost: 1.659673e+00, Termination: CONVERGENCE
Ceres Solver Report: Iterations: 9, Initial cost: 1.659673e+00, Final cost: 1.659673e+00, Termination: CONVERGENCE
Ceres Solver Report: Iterations: 9, Initial cost: 1.659673e+00, Final cost: 1.659673e+00, Termination: CONVERGENCE
Ceres Solver Report: Iterations: 9, Initial cost: 1.659673e+00, Final cost: 1.659673e+00, Termination: CONVERGENCE
Ceres Solver Report: Iterations: 9, Initial cost: 1.659673e+00, Final cost: 1.659673e+00, Termination: CONVERGENCE
Ceres Solver Report: Iterations: 9, Initial cost: 1.659673e+00, Final cost: 1.659673e+00, Termination: CONVERGENCE
Ceres Solver Report: Iterations: 9, Initial cost: 1.659673e+00, Final cost: 1.659673e+00, Termination: CONVERGENCE
Ceres Solver Report: Iterations: 9, Initial cost: 1.659673e+00, Final cost: 1.659673e+00, Termination: CONVERGENCE
Ceres Solver Report: Iterations: 9, Initial cost: 1.659673e+00, Final cost: 1.659673e+00, Termination: CONVERGENCE
Ceres Solver Report: Iterations: 9, Initial cost: 1.659673e+00, Final cost: 1.659673e+00, Termination: CONVERGENCE
Ceres Solver Report: Iterations: 9, Initial cost: 1.659673e+00, Final cost: 1.659673e+00, Termination: CONVERGENCE
Ceres Solver Report: Iterations: 9, Initial cost: 1.659673e+00, Final cost: 1.659673e+00, Termination: CONVERGENCE
Ceres Solver Report: Iterations: 9, Initial cost: 1.659673e+00, Final cost: 1.659673e+00, Termination: CONVERGENCE
Ceres Solver Report: Iterations: 9, Initial cost: 1.659673e+00, Final cost: 1.659673e+00, Termination: CONVERGENCE
Ceres Solver Report: Iterations: 9, Initial cost: 1.659673e+00, Final cost: 1.659673e+00, Termination: CONVERGENCE
Current sweep odom_middle = 
   0.999991 -0.00124498  0.00413586 -0.00123147
  0.0012551    0.999996 -0.00244544  0.00344162
 -0.0041328  0.00245061    0.999988   0.0279455
          0           0           0           1
Current sweep odom_end = 
    0.99999 -0.00176632  0.00419943   -0.301515
 0.00177862    0.999994 -0.00292536 -0.00798726
-0.00419424   0.0029328    0.999987   0.0300076
          0           0           0           1
Current sweep velocity = 
           1 -0.000523333  6.29754e-05    -0.300304
 0.000523364            1 -0.000479995   -0.0110499
-6.27241e-05  0.000480028            1   0.00084818
           0            0            0            1
+++++++++++++++++++++++++++++++++++++++++++++++++++++
Next sweep odom_middle = 
   0.999988 -0.00228763  0.00426325   -0.601793
 0.00230216    0.999992 -0.00340524  -0.0195737
-0.00425543  0.00341501    0.999985    0.032083
          0           0           0           1
Next sweep odom_end = 
   0.999987 -0.00280891  0.00432733   -0.902064
 0.00282573    0.999988 -0.00388508  -0.0313178
-0.00431636  0.00389726    0.999983   0.0341713
          0           0           0           1
=====================================================
[ INFO] [1668045233.609010442, 1661339796.587464118]: average odom estimation time 45.718887 ms 
 

Frame 7
not enough correct pointsCeres Solver Report: Iterations: 15, Initial cost: 4.452020e+00, Final cost: 3.638543e+00, Termination: CONVERGENCE
Ceres Solver Report: Iterations: 9, Initial cost: 2.942785e+00, Final cost: 2.942785e+00, Termination: CONVERGENCE
Ceres Solver Report: Iterations: 9, Initial cost: 2.942785e+00, Final cost: 2.942785e+00, Termination: CONVERGENCE
Ceres Solver Report: Iterations: 9, Initial cost: 2.942785e+00, Final cost: 2.942785e+00, Termination: CONVERGENCE
Ceres Solver Report: Iterations: 9, Initial cost: 2.942785e+00, Final cost: 2.942785e+00, Termination: CONVERGENCE
Ceres Solver Report: Iterations: 9, Initial cost: 2.942785e+00, Final cost: 2.942785e+00, Termination: CONVERGENCE
Ceres Solver Report: Iterations: 9, Initial cost: 2.942785e+00, Final cost: 2.942785e+00, Termination: CONVERGENCE
Ceres Solver Report: Iterations: 9, Initial cost: 2.942785e+00, Final cost: 2.942785e+00, Termination: CONVERGENCE
Ceres Solver Report: Iterations: 9, Initial cost: 2.942785e+00, Final cost: 2.942785e+00, Termination: CONVERGENCE
Ceres Solver Report: Iterations: 9, Initial cost: 2.942785e+00, Final cost: 2.942785e+00, Termination: CONVERGENCE
Ceres Solver Report: Iterations: 9, Initial cost: 2.942785e+00, Final cost: 2.942785e+00, Termination: CONVERGENCE
Ceres Solver Report: Iterations: 9, Initial cost: 2.942785e+00, Final cost: 2.942785e+00, Termination: CONVERGENCE
Ceres Solver Report: Iterations: 9, Initial cost: 2.942785e+00, Final cost: 2.942785e+00, Termination: CONVERGENCE
Ceres Solver Report: Iterations: 9, Initial cost: 2.942785e+00, Final cost: 2.942785e+00, Termination: CONVERGENCE
Ceres Solver Report: Iterations: 9, Initial cost: 2.942785e+00, Final cost: 2.942785e+00, Termination: CONVERGENCE
Ceres Solver Report: Iterations: 9, Initial cost: 2.942785e+00, Final cost: 2.942785e+00, Termination: CONVERGENCE
Ceres Solver Report: Iterations: 9, Initial cost: 2.942785e+00, Final cost: 2.942785e+00, Termination: CONVERGENCE
Ceres Solver Report: Iterations: 9, Initial cost: 2.942785e+00, Final cost: 2.942785e+00, Termination: CONVERGENCE
Ceres Solver Report: Iterations: 9, Initial cost: 2.942785e+00, Final cost: 2.942785e+00, Termination: CONVERGENCE
Ceres Solver Report: Iterations: 9, Initial cost: 2.942785e+00, Final cost: 2.942785e+00, Termination: CONVERGENCE
Ceres Solver Report: Iterations: 9, Initial cost: 2.942785e+00, Final cost: 2.942785e+00, Termination: CONVERGENCE
Ceres Solver Report: Iterations: 9, Initial cost: 2.942785e+00, Final cost: 2.942785e+00, Termination: CONVERGENCE
Ceres Solver Report: Iterations: 9, Initial cost: 2.942785e+00, Final cost: 2.942785e+00, Termination: CONVERGENCE
Current sweep odom_middle = 
    0.999989 -0.000544133   0.00469144    0.0867422
  0.00055347     0.999998  -0.00198911    0.0796858
 -0.00469035   0.00199169     0.999987    0.0290765
           0            0            0            1
Current sweep odom_end = 
   0.999987 -0.00280891  0.00432733   -0.902064
 0.00282573    0.999988 -0.00388508  -0.0313178
-0.00431636  0.00389726    0.999983   0.0341713
          0           0           0           1
Current sweep velocity = 
    0.999997   -0.0022737 -0.000365145    -0.988881
    0.002273     0.999996  -0.00189578    -0.110455
 0.000369454   0.00189494     0.999998  0.000676572
           0            0            0            1
+++++++++++++++++++++++++++++++++++++++++++++++++++++
Next sweep odom_middle = 
   0.999979 -0.00507437   0.0039675    -1.89062
 0.00509727     0.99997 -0.00578186   -0.144569
-0.00393805  0.00580197    0.999975   0.0386858
          0           0           0           1
Next sweep odom_end = 
   0.999967 -0.00734048  0.00361198    -2.87892
 0.00736805    0.999943 -0.00767943   -0.260065
 -0.0035554  0.00770579    0.999964   0.0426157
          0           0           0           1
=====================================================
[ INFO] [1668045234.611173248, 1661339796.687707583]: average odom estimation time 45.134308 ms 
 

Frame 8
not enough correct pointsCeres Solver Report: Iterations: 9, Initial cost: 5.070471e+00, Final cost: 5.070471e+00, Termination: CONVERGENCE
not enough correct pointsCeres Solver Report: Iterations: 9, Initial cost: 5.070471e+00, Final cost: 5.070471e+00, Termination: CONVERGENCE
not enough correct pointsCeres Solver Report: Iterations: 9, Initial cost: 5.070471e+00, Final cost: 5.070471e+00, Termination: CONVERGENCE
not enough correct pointsCeres Solver Report: Iterations: 9, Initial cost: 5.070471e+00, Final cost: 5.070471e+00, Termination: CONVERGENCE
not enough correct pointsCeres Solver Report: Iterations: 9, Initial cost: 5.070471e+00, Final cost: 5.070471e+00, Termination: CONVERGENCE
not enough correct pointsCeres Solver Report: Iterations: 9, Initial cost: 5.070471e+00, Final cost: 5.070471e+00, Termination: CONVERGENCE
not enough correct pointsCeres Solver Report: Iterations: 9, Initial cost: 5.070471e+00, Final cost: 5.070471e+00, Termination: CONVERGENCE
not enough correct pointsCeres Solver Report: Iterations: 9, Initial cost: 5.070471e+00, Final cost: 5.070471e+00, Termination: CONVERGENCE
not enough correct pointsCeres Solver Report: Iterations: 9, Initial cost: 5.070471e+00, Final cost: 5.070471e+00, Termination: CONVERGENCE
not enough correct pointsCeres Solver Report: Iterations: 9, Initial cost: 5.070471e+00, Final cost: 5.070471e+00, Termination: CONVERGENCE
not enough correct pointsCeres Solver Report: Iterations: 9, Initial cost: 5.070471e+00, Final cost: 5.070471e+00, Termination: CONVERGENCE
not enough correct pointsCeres Solver Report: Iterations: 9, Initial cost: 5.070471e+00, Final cost: 5.070471e+00, Termination: CONVERGENCE
not enough correct pointsCeres Solver Report: Iterations: 9, Initial cost: 5.070471e+00, Final cost: 5.070471e+00, Termination: CONVERGENCE
not enough correct pointsCeres Solver Report: Iterations: 9, Initial cost: 5.070471e+00, Final cost: 5.070471e+00, Termination: CONVERGENCE
not enough correct pointsCeres Solver Report: Iterations: 9, Initial cost: 5.070471e+00, Final cost: 5.070471e+00, Termination: CONVERGENCE
not enough correct pointsCeres Solver Report: Iterations: 9, Initial cost: 5.070471e+00, Final cost: 5.070471e+00, Termination: CONVERGENCE
not enough correct pointsCeres Solver Report: Iterations: 9, Initial cost: 5.070471e+00, Final cost: 5.070471e+00, Termination: CONVERGENCE
not enough correct pointsCeres Solver Report: Iterations: 9, Initial cost: 5.070471e+00, Final cost: 5.070471e+00, Termination: CONVERGENCE
not enough correct pointsCeres Solver Report: Iterations: 9, Initial cost: 5.070471e+00, Final cost: 5.070471e+00, Termination: CONVERGENCE
not enough correct pointsCeres Solver Report: Iterations: 9, Initial cost: 5.070471e+00, Final cost: 5.070471e+00, Termination: CONVERGENCE
not enough correct pointsCeres Solver Report: Iterations: 9, Initial cost: 5.070471e+00, Final cost: 5.070471e+00, Termination: CONVERGENCE
not enough correct pointsCeres Solver Report: Iterations: 9, Initial cost: 5.070471e+00, Final cost: 5.070471e+00, Termination: CONVERGENCE
Current sweep odom_middle = 
   0.999979 -0.00507437   0.0039675    -1.89062
 0.00509727     0.99997 -0.00578186   -0.144569
-0.00393805  0.00580197    0.999975   0.0386858
          0           0           0           1
Current sweep odom_end = 
   0.999967 -0.00734048  0.00361198    -2.87892
 0.00736805    0.999943 -0.00767943   -0.260065
 -0.0035554  0.00770579    0.999964   0.0426157
          0           0           0           1
Current sweep velocity = 
    0.999997   -0.0022737 -0.000365145    -0.988881
    0.002273     0.999996  -0.00189578    -0.110455
 0.000369454   0.00189494     0.999998  0.000676572
           0            0            0            1
+++++++++++++++++++++++++++++++++++++++++++++++++++++
Next sweep odom_middle = 
   0.999949 -0.00960723  0.00326075    -3.86695
 0.00963807    0.999908 -0.00957778   -0.377805
-0.00316844  0.00960871    0.999949    0.045957
          0           0           0           1
Next sweep odom_end = 
   0.999925  -0.0118746  0.00291383    -4.85472
  0.0119073    0.999863  -0.0114769   -0.497788
-0.00277715   0.0115107     0.99993   0.0487054
          0           0           0           1
=====================================================
[ INFO] [1668045235.608679615, 1661339796.787061612]: average odom estimation time 43.032458 ms 
 

Frame 9
not enough correct pointsCeres Solver Report: Iterations: 18, Initial cost: 4.261952e+00, Final cost: 4.135504e+00, Termination: CONVERGENCE
not enough correct pointsCeres Solver Report: Iterations: 12, Initial cost: 4.143023e+00, Final cost: 4.040766e+00, Termination: CONVERGENCE
not enough correct pointsCeres Solver Report: Iterations: 9, Initial cost: 3.934947e+00, Final cost: 3.934947e+00, Termination: CONVERGENCE
not enough correct pointsCeres Solver Report: Iterations: 9, Initial cost: 3.934947e+00, Final cost: 3.934947e+00, Termination: CONVERGENCE
not enough correct pointsCeres Solver Report: Iterations: 9, Initial cost: 3.934947e+00, Final cost: 3.934947e+00, Termination: CONVERGENCE
not enough correct pointsCeres Solver Report: Iterations: 9, Initial cost: 3.934947e+00, Final cost: 3.934947e+00, Termination: CONVERGENCE
not enough correct pointsCeres Solver Report: Iterations: 9, Initial cost: 3.934947e+00, Final cost: 3.934947e+00, Termination: CONVERGENCE
not enough correct pointsCeres Solver Report: Iterations: 9, Initial cost: 3.934947e+00, Final cost: 3.934947e+00, Termination: CONVERGENCE
not enough correct pointsCeres Solver Report: Iterations: 9, Initial cost: 3.934947e+00, Final cost: 3.934947e+00, Termination: CONVERGENCE
